v3.0 hex words addressed
00: 1003 2700 1004 1109 3001 1007 1103 3001 1102 3001 1006 1101 3001 1105 3001 110c
10: 3001 1002 1100 3001 1004 110c 3001 1007 1105 3001 1006 110e 3001 1103 3001 1105
20: 3001 1106 3001 110f 3001 1007 1102 3001 1006 1104 3001 1002 1100 3001 1103 3001
30: 1003 1106 3001 1107 3001 1002 1100 3001 1003 1105 3001 1002 110b 3001 1003 1103 
40: 3001 110d 3001 1205 1303 7423 3074 1002 1100 3001 1003 1105 1703 3001 1002 110d 
50: 3001 1003 1103 3001 110d 3001 1205 1303 140f 1501 4634 7665 7426 3034 1003 1105 
60: 3001 1002 110d 3001 1003 1103 3001 110d 3001 1205 1303 f423 3074 1002 1100 3001 
70: 1004 1103 3001 1006 110f 3001 1007 1100 3001 1109 3001 1003 110a 3001 1002 1100
80: 3001 2640 1703 3076 0000 0000 0000 0000 0000 0000 0000 0000 0000 0000 0000 0000
90: 0000 0000 0000 0000 0000 0000 0000 0000 0000 0000 0000 0000 0000 0000 0000 0000
a0: 0000 0000 0000 0000 0000 0000 0000 0000 0000 0000 0000 0000 0000 0000 0000 0000
b0: 0000 0000 0000 0000 0000 0000 0000 0000 0000 0000 0000 0000 0000 0000 0000 0000
c0: 0000 0000 0000 0000 0000 0000 0000 0000 0000 0000 0000 0000 0000 0000 0000 0000
d0: 0000 0000 0000 0000 0000 0000 0000 0000 0000 0000 0000 0000 0000 0000 0000 0000
e0: 0000 0000 0000 0000 0000 0000 0000 0000 0000 0000 0000 0000 0000 0000 0000 0000
f0: 0000 0000 0000 0000 0000 0000 0000 0000 0000 0000 0000 0000 0000 0000 0000 0000
